你可以做到[ :D]	0.0	0.0	0.0	1	1	1
干得好！[ :0]	0.0	0.0	0.0	1	1	1
太好了！[ :0]	0.0	0.0	0.0	1	1	1
保持！	0.0	0.0	0.0	1	1	1
你做得不错！[ :)]	0.0	0.0	0.0	1	1	1
你辛苦了！[ :)]	0.0	0.0	0.0	1	1	1
你做得很棒！[ :0]	0.0	0.0	0.0	1	1	1
希望一切顺利！[ :>]	0.0	0.0	0.0	1	1	1
希望你一切都好！[ :)]	0.0	0.0	0.0	1	1	1
你越来越好！[ :)]	0.0	0.0	0.0	1	1	1
你真了不起！	0.0	0.0	0.0	1	1	1
你感觉怎么样？	0.0	0.0	0.0	1	1	1
你今天已经提高了很多！[ ;）]	0.0	0.0	0.0	1	1	1
记得微笑！[ :)]	0.0	0.0	0.0	1	1	1
想着你！[ :)]	0.0	0.0	0.0	1	1	1
你并不孤单！[ :0]	0.0	0.0	0.0	1	1	1
可以寻求帮助！[ :)]	0.0	0.0	0.0	1	1	1
我为你加油！[ :D]	0.0	0.0	0.0	1	1	1
不要放弃！[ :>] 0.0 0.0 0 1 1 1
专注！[ :>]	0.0	0.0	0.0	1	1	1
集中！	0.0	0.0	0.0	1	1	1
继续前进！[ :)]	0.0	0.0	0.0	1	1	1
你的工作很重要，请继续努力！[ :>]	0.0	0.0	0.0	1	1	1
我看到的是生产率吗？[ :O]	0.0	0.0	0.0	1	1	1
不要分心！[ :>]	0.0	0.0	0.0	1	1	1
保持水分！	0.0	0.0	0.0	1	1	1
请确保休息！[ :0]	0.0	0.0	0.0	1	1	1
休息一下吗？[ :)]	0.0	0.0	0.0	1	1	1
让我们休息一下吗？[ :)]	0.0	0.0	0.0	1	1	1
深吸一口气，重新呼吸！[ :)]	0.0	0.0	0.0	1	1	1
休息一下眼睛，看着远处的物体！[ :)]	0.0	0.0	0.0	1	1	1
别忘了眨眨眼睛，休息一下！[ ;)]	0.0	0.0	0.0	1	1	1
你坐在这个位置多久了？	0.0	0.0	0.0	1	1	1
快速提醒你坐直！[ :0]	0.0	0.0	0.0	1	1	1